gen 10000 1 2 0 2 0 100 0 > $
gen 10000 1 3 0 3 0 50 0 > $
gen 10000 1 5 0 5 0 25 0 > $
gen 10000 19 20 0 10000000000 0 100000000000 0 > $
gen 1000 199 200 0 10000000000 0 1000000000000 0 > $
gen 100 1999 2000 0 10000000000 0 10000000000000 0 > $
gen 10 19999 20000 0 10000000000 0 100000000000000 -300 > $
gen 10 19999 20000 0 10000000000 0 100000000000000 0 > $
gen 10 19999 20000 0 10000000000 0 100000000000000 300 > $
gen 1 199999 200000 0 10000000000 0 1000000000000000 -10000 > $
gen 1 199999 200000 0 10000000000 0 1000000000000000 0 > $
gen 1 199999 200000 0 10000000000 0 1000000000000000 10000 > $
gen 1 200000 200000 0 10000000000 10000000000000000 10000000000000000 0 > $
gen 1 200000 200000 9999999901 10000000000 0 10000000 0 > $
