gen 10000 1 10 0.2 0.5 -1 5 0 > $
gen 10000 19 20 0.2 0.9 -1 10 0 > $
gen 1000 199 200 0.2 0.9 -1 50 0 > $
gen 100 1999 2000 0.2 0.9 -1 1500 0 > $
gen 10 19999 20000 0.2 0.9 -1 5000 0 > $
gen 1 199999 200000 0.01 1 -1 50000 0 > $
gen 1 199999 200000 0.1 1 -1 20000 0 > $
gen 1 199999 200000 0.5 1 -1 100000 0 > $
gen 1 199999 200000 0.9 1 -1 180000 0 > $
gen 1 199999 200000 0.99 1 -1 150000 0 > $
gen 1 199999 200000 0.5 1 -1 10000000000 0 > $
gen_bound 10 19999 20000 0 0 > $
gen_bound 1 199999 200000 0 0 > $
gen_bound 10 19999 20000 1 19999 > $
gen_bound 1 199999 200000 190001 199999 > $
gen_bound 1 200000 200000 200000 200000 > $
